Process id: 257
Process Priority: 1
Process size: 256 BYTES 
Process Name:POWER

 Data Segment dump of Process 
B 2 0 0 0 0 0 0 0 0 0 0 0 0 0 
0 0 0 0 0 0 0 0 0 0 0 0 0 0 0 
0 0 0 0 0 0 0 0 0 0 0 0 0 0 0 
0 0 0 0 0 0 0 0 0 0 0 0 0 0 0 
0 0 0 0 0 0 0 0 0 0 0 0 0 0 0 
0 0 0 0 0 0 0 0 0 0 0 0 0 0 0 
0 0 0 0 0 0 0 0 0 0 0 0 0 0 0 
0 0 0 0 0 0 0 0 0 0 0 0 0 0 0 
0 0 0 0 0 0 0 
 CODE Segment dump of Process 
38 51 1 0 2 51 2 0 0 77 1 77 2 3C 0 
0 16 78 0 3D 0 1 F3 78 0 78 2 78 1 77 
0 16 3 1 30 4 0 1 32 3 0 0 37 0 0 
24 19 4 2 76 3 38 0 0 21 77 4 F1 0 0 
0 0 0 0 0 0 0 0 0 0 0 0 0 0 0 
0 0 0 0 0 0 0 0 0 0 0 0 0 0 0 
0 0 0 0 0 0 0 0 0 0 0 0 0 0 0 
0 0 0 0 0 0 0 0 0 0 0 0 0 0 0 
0 0 0 0 0 0 0 